97.58776 1.0
97.76344 2.0
96.56705 3.0
92.52037 4.0
91.15097 5.0
95.21728 6.0
90.21355 7.0
89.29235 8.0
91.51479 9.0
89.60965 10.0
86.56187 11.0
85.55315 12.0
87.13053 13.0
85.67938 14.0
80.04849 15.0
82.18922 16.0
87.24078 17.0
80.79401 18.0
81.28564 19.0
81.56932 20.0
79.22703 21.0
79.43259 22.0
77.90174 23.0
76.75438 24.0
77.17338 25.0
74.27296 26.0
73.1183 27.0
73.84732 28.0
72.47746 29.0
71.92128 30.0
66.91962 31.0
67.93554 32.0
69.55841 33.0
69.06592 34.0
66.53371 35.0
63.87094 36.0
69.70526 37.0
63.59295 38.0
63.35509 39.0
59.99747 40.0
62.64843 41.0
65.77345 42.0
59.10141 43.0
56.5775 44.0
61.15313 45.0
54.30767 46.0
62.83535 47.0
56.52957 48.0
56.98427 49.0
58.11459 50.0
58.69576 51.0
58.23322 52.0
54.9049 53.0
57.91442 54.0
56.96629 55.0
51.13831 56.0
49.27123 57.0
52.92668 58.0
54.47693 59.0
51.8171 60.0
51.05401 61.0
52.51731 62.0
51.8371 63.0
54.48196 64.0
49.05859 65.0
50.52315 66.0
50.32755 67.0
46.44419 68.0
50.89281 69.0
52.13203 70.0
49.78741 71.0
49.01637 72.0
54.18198 73.0
53.17456 74.0
53.20827 75.0
57.43459 76.0
51.95282 77.0
54.20282 78.0
57.46687 79.0
53.60268 80.0
58.86728 81.0
57.66652 82.0
63.71034 83.0
65.24244 84.0
65.10878 85.0
69.96313 86.0
68.85475 87.0
73.32574 88.0
76.21241 89.0
78.06311 90.0
75.37701 91.0
87.54449 92.0
89.50588 93.0
95.82098 94.0
97.4839 95.0
100.8607 96.0
102.4851 97.0
105.7311 98.0
111.3489 99.0
111.0305 100.0
110.192 101.0
118.3581 102.0
118.8086 103.0
122.4249 104.0
124.0953 105.0
125.9337 106.0
127.8533 107.0
131.0361 108.0
133.3343 109.0
135.1278 110.0
131.7113 111.0
131.9151 112.0
132.1107 113.0
127.6898 114.0
133.2148 115.0
128.2296 116.0
133.5902 117.0
127.2539 118.0
128.3482 119.0
124.8694 120.0
124.6031 121.0
117.0648 122.0
118.1966 123.0
119.5408 124.0
114.7946 125.0
114.278 126.0
120.3484 127.0
114.8647 128.0
111.6514 129.0
110.1826 130.0
108.4461 131.0
109.0571 132.0
106.5308 133.0
109.4691 134.0
106.8709 135.0
107.3192 136.0
106.9 137.0
109.6526 138.0
107.1602 139.0
108.2509 140.0
104.9631 141.0
109.3601 142.0
107.6696 143.0
99.77286 144.0
104.9644 145.0
106.1376 146.0
106.5816 147.0
100.1286 148.0
101.6691 149.0
96.44254 150.0
97.34169 151.0
96.97412 152.0
90.7346 153.0
93.37949 154.0
82.12331 155.0
83.01657 156.0
78.8736 157.0
74.86971 158.0
72.79341 159.0
65.14744 160.0
67.02127 161.0
60.16136 162.0
57.13996 163.0
54.05769 164.0
50.42265 165.0
47.8243 166.0
42.85748 167.0
42.45495 168.0
38.30808 169.0
36.95794 170.0
33.94543 171.0
34.19017 172.0
31.66097 173.0
23.56172 174.0
29.61143 175.0
23.88765 176.0
22.49812 177.0
24.86901 178.0
17.29481 179.0
18.09291 180.0
15.34813 181.0
14.77997 182.0
13.87832 183.0
12.88891 184.0
16.20763 185.0
16.29024 186.0
15.29712 187.0
14.97839 188.0
12.1133 189.0
14.24168 190.0
12.53824 191.0
15.19818 192.0
11.70478 193.0
15.83745 194.0
10.03585 195.0
9.307574 196.0
12.868 197.0
8.571671 198.0
11.60415 199.0
12.42772 200.0
11.23627 201.0
11.13198 202.0
7.761117 203.0
6.75825 204.0
14.23375 205.0
10.63876 206.0
8.893581 207.0
11.55398 208.0
11.57221 209.0
11.58347 210.0
9.724857 211.0
11.43854 212.0
11.22636 213.0
10.17015 214.0
12.50765 215.0
6.200494 216.0
9.018902 217.0
10.80557 218.0
13.09591 219.0
3.914033 220.0
9.567723 221.0
8.038338 222.0
10.23096 223.0
9.367358 224.0
7.695937 225.0
6.118552 226.0
8.793192 227.0
7.796682 228.0
12.45064 229.0
10.61601 230.0
6.001 231.0
6.765096 232.0
8.764652 233.0
4.586417 234.0
8.390782 235.0
7.209201 236.0
10.01209 237.0
7.327461 238.0
6.525136 239.0
2.840065 240.0
10.32371 241.0
4.790035 242.0
8.376431 243.0
6.26398 244.0
2.705892 245.0
8.362109 246.0
8.983507 247.0
3.362469 248.0
1.182678 249.0
4.875312 250.0