0.0082 9.65
0.0112 10.74
0.0149 11.81
0.0198 12.88
0.0248 14.06
0.0324 15.28
0.042 16.63
0.0549 18.19
0.0719 19.88
0.0963 21.84
0.1291 24.0
0.171 26.25
0.2314 28.86
0.3227 31.85
0.4809 35.79
0.7084 40.18
1.022 44.74
1.458 49.53
1.952 53.94
2.541 58.29
3.223 62.63
3.999 67.03
4.852 71.25
5.732 75.22
6.727 79.33
7.835 83.56
9.025 87.75
10.267 91.93
11.578 96.1
12.944 100.28
14.377 104.46
15.856 108.66
17.331 112.71
18.885 116.88
20.575 121.33
22.32 125.79
22.303 125.79
23.46 128.74
24.06 130.27
25.272 133.33
25.853 134.79
27.11 137.93
27.658 139.33
28.924 142.46
29.511 143.9
30.71 146.91
31.35 148.51
32.52 151.41
33.23 153.17
34.33 155.97
35.06 157.76
36.17 160.56
36.84 162.3
38.01 165.21
38.67 166.9
39.87 169.92
40.03 170.32
40.5 171.54
41.37 173.79
41.67 174.57
42.31 176.25
42.73 177.34
43.46 179.19
44.14 181.02
44.55 182.08
45.22 183.88
45.92 185.75
46.3 186.8
47.0 188.63
47.68 190.45
48.06 191.48
48.74 193.35
49.41 195.22
49.76 196.23
50.43 198.05
51.11 199.97
51.5 201.06
52.12 202.83
52.76 204.69
53.18 205.86
53.78 207.58
54.46 209.5
54.83 210.65
55.4 212.33
56.43 215.43
57.03 217.16
58.0 220.21
58.61 221.98
59.58 225.06
60.11 226.79
61.1 229.92
61.65 231.69
62.59 234.77
63.12 236.6
64.03 239.63
64.62 241.5
65.49 244.48
66.03 246.4
66.89 249.35
67.42 251.32
68.23 254.22
68.77 256.24
69.59 259.11
70.11 261.18
70.86 264.02
71.43 266.13
72.16 268.94
72.7 271.09
73.4 273.87
73.93 276.08
74.6 278.83
75.16 281.08
75.82 283.81
76.34 286.11
76.98 288.81
77.48 291.08
78.08 293.75
78.6 295.99
79.17 298.64
79.62 300.84
79.88 302.02
80.19 303.48
80.66 305.65
81.22 308.27
81.66 310.41
82.16 313.01
82.59 315.12
83.14 317.71
83.5 319.79
84.0 322.36
84.4 324.42
84.89 326.98
85.26 329.01
85.74 331.56
86.07 333.56
86.54 336.1
86.89 338.08
87.32 340.6
87.65 342.57
88.1 345.08
88.43 347.02
88.83 349.52
89.12 351.44
89.54 353.93
89.85 355.83
90.25 358.32
90.55 360.2
90.93 362.67
91.2 364.53
91.55 367.0
92.2 371.3